[gd_scene load_steps=11 format=2]

[ext_resource path="res://Berry.gd" type="Script" id=1]

[sub_resource type="SpatialMaterial" id=1]
albedo_color = Color( 0.0980392, 0.537255, 0.188235, 1 )

[sub_resource type="SpatialMaterial" id=2]
albedo_color = Color( 0.0666667, 0.498039, 0.133333, 1 )

[sub_resource type="SpatialMaterial" id=3]
albedo_color = Color( 0.141176, 0.839216, 0.0196078, 1 )

[sub_resource type="SpatialMaterial" id=4]
albedo_color = Color( 0.207843, 0.380392, 0.12549, 1 )

[sub_resource type="SpatialMaterial" id=5]
albedo_color = Color( 0.917647, 0.0313726, 0.0313726, 1 )

[sub_resource type="SpatialMaterial" id=6]
albedo_color = Color( 0.956863, 0.32549, 0.0784314, 1 )

[sub_resource type="SpatialMaterial" id=7]
albedo_color = Color( 0.792157, 0.192157, 0.545098, 1 )

[sub_resource type="CylinderShape" id=8]

[sub_resource type="GDScript" id=9]
script/source = "extends CollisionShape

# Declare member variables here. Examples:
# var a = 2
# var b = \"text\"

# Called when the node enters the scene tree for the first time.
func _ready():
	pass # Replace with function body.

# Called every frame. 'delta' is the elapsed time since the previous frame.
#func _process(delta):
#	pass
"

[node name="Berry" type="StaticBody"]
script = ExtResource( 1 )

[node name="CSGCylinder" type="CSGCylinder" parent="."]
transform = Transform( 1, 0, 0, 0, 1, 0, 0, 0, 1, 0, 0.576659, 0 )
radius = 0.1
height = 1.2
sides = 17
material = SubResource( 1 )

[node name="CSGCylinder2" type="CSGCylinder" parent="."]
transform = Transform( 0.618547, -0.785748, 0, 0.785748, 0.618547, 0, 0, 0, 1, -0.237103, 1.19029, 0 )
radius = 0.1
height = 0.5
sides = 17
material = SubResource( 2 )

[node name="CSGCylinder3" type="CSGCylinder" parent="."]
transform = Transform( -0.330185, 0.419438, -0.845606, 0.785748, 0.618547, 0, 0.523047, -0.664433, -0.533808, 0.12778, 0.912113, -0.18098 )
radius = 0.1
height = 0.5
sides = 17
material = SubResource( 3 )

[node name="CSGCylinder4" type="CSGCylinder" parent="."]
transform = Transform( -0.256679, 0.723845, 0.640441, 0.875828, 0.454417, -0.162577, -0.408708, 0.519186, -0.750602, 0.162893, 0.952822, 0.15045 )
radius = 0.1
height = 0.5
sides = 17
material = SubResource( 4 )

[node name="CSGSphere" type="CSGSphere" parent="."]
transform = Transform( 1, 0, 0, 0, 1, 0, 0, 0, 1, -0.637336, 1.44206, 0 )
radius = 0.3
rings = 8
material = SubResource( 5 )

[node name="CSGSphere2" type="CSGSphere" parent="."]
transform = Transform( -0.533808, 0, -0.845606, 0, 1, 0, 0.845606, 0, -0.533808, 0.38011, 1.16388, -0.507325 )
radius = 0.3
rings = 8
material = SubResource( 6 )

[node name="CSGSphere3" type="CSGSphere" parent="."]
transform = Transform( -0.727527, 0.246047, 0.640441, 0.184684, 0.969258, -0.162577, -0.660754, 0, -0.750602, 0.515085, 1.12317, 0.414057 )
radius = 0.3
rings = 8
material = SubResource( 7 )

[node name="CollisionShape" type="CollisionShape" parent="."]
transform = Transform( 1, 0, 0, 0, 1, 0, 0, 0, 1, 0, 1, 0 )
shape = SubResource( 8 )
script = SubResource( 9 )
